183
114
129
174
146
173
148
175
157
189
143
175
193
178
187
137
149
107
168
133
145
128
113
177
191
127
182
140
186
177
178
108
130
144
105
124
100
187
195
141
103
163
170
148
126
133
168
160
148
147
170
129
167
178
195
128
125
122
165
156
138
135
141
121
125
106
128
188
118
143
187
165
180
158
168
156
117
156
193
117
169
156
117
155
193
111
117
190
125
110
146
182
144
101
129
157
146
111
148
166
168
131
138
185
103
143
174
124
160
144
179
100
163
124
170
196
116
153
125
181
115
140
117
114
147
133
181
106
135
139
185
144
110
134
106
123
138
128
188
132
125
105
100
141
156
117
197
136
159
139
182
169
148
197
159
191
151
174
106
149
156
162
142
161
107
175
110
195
129
166
138
147
155
137
186
172
184
160
178
194
145
174
159
127
166
162
146
104
165
174
149
115
153
192
123
194
169
102
113
118
122
156
